,0,1,2
0,0.9830326903280269,0.3779030740299816,-0.2901595986149252
1,0.8285430345543219,0.46116884394962976,-1.033359486810382
2,0.6426993671216202,0.4445962502437456,-1.7202905633072385
3,0.09725955925082141,0.4739778993085708,0.34343486335042295
4,0.3876463017702454,0.4837622129563903,-0.6344236564966018
5,0.6367748192152489,0.580006972305816,-0.9731962242530566
6,0.8981750871466053,0.06855435514628405,0.023697915466029732
7,0.5579951074260706,0.3366821307418747,-1.7766253110127865
8,0.23589364855699502,0.28291377803375084,-0.04314407245447599
9,0.10204979274381432,0.7018410516716598,1.708334685989938
10,0.49167661655075623,0.9183434755083884,0.3916422651485934
11,0.34783773830774967,0.47601610414368123,-0.22969873195829238
12,0.5383574538551672,0.36020018952921795,-1.7488754274561507
13,0.4276243926962975,0.4223303721731029,-0.9167378851276748
14,0.794286467575167,0.5013537526902788,-0.8600679893702212
15,0.2639144988307426,0.6237424019855301,1.1679563628113687
16,0.19165423411571447,0.4401617876473557,0.18999902305697078
17,0.7370450852375434,0.9300579272622823,-0.16400818196892225
18,0.8461978273514923,0.5988462484739407,-0.056000339948991625
19,0.7904096376142957,0.06797830333022681,-0.5886732519003378
20,0.21387391785602805,0.10585106037739067,0.5148495618039424
21,0.9503555332430076,0.7130164286072983,1.1774925417853834
22,0.3500910278409558,0.22438237454381238,-0.6089911221882105
23,0.053770415589598164,0.632936010391964,1.049577534974388
24,0.46329393335776314,0.11651670988155738,-0.7765245733265086
25,0.9851940671635511,0.13709176812737733,0.0021335869124925466
26,0.5965076337637408,0.026478634049855843,-0.5236242064817014
27,0.16478965337742657,0.7540871964943172,2.0831359588942235
28,0.0966895309566208,0.6024286584828198,1.0887501940326183
29,0.9966116839946757,0.0650327035380609,0.8583239796204575
30,0.20280743301337711,0.9230328969723878,1.7407220530503749
31,0.6298997432153337,0.6910909346681895,-0.19107472689934452
32,0.17921165927767357,0.5983898908376373,1.2852908071540703
33,0.966816521885517,0.1671815812286589,-0.16592438046409622
34,0.18649870348377806,0.9802956870144977,1.5113050757421727
35,0.27394685724642975,0.0039398111205817266,1.0430549984478559
36,0.5896603588064608,0.7858898674391587,-0.07707912292556346
37,0.2891300803847383,0.19936829263811395,-0.022767270064372555
38,0.30417113540413454,0.3965937683340677,-0.3230260564844551
39,0.5648943900752813,0.8979827405393959,0.048573325630283486
40,0.8463355308186372,0.9329843043414019,0.46920418917070517
41,0.5408165228001134,0.5661414797644452,-0.7326082626159484
42,0.31324345914750884,0.4384111351204273,-0.2865463919451732
43,0.9420664340147588,0.11531290169263775,-0.09146143803006748
44,0.5779113738188945,0.979439436853596,-0.2880886787685022
45,0.5353120301165915,0.1051279274055158,-0.9297189893866205
46,0.8895151845546935,0.13775692149992103,-0.4638180233504045
47,0.7920802584707274,0.6900931664318599,0.07177038485092914
48,0.18232365779861193,0.5500402572934753,1.0399321385847564
49,0.028846653921294818,0.12188514245780846,0.5710913252225563
50,0.5835272089608151,0.6464646560003952,-0.514198276706773
51,0.14023527604898767,0.7902659533817594,2.0681715993543777
52,0.77486122100343,0.5809743223047172,-0.6890107429543003
53,0.9674932541676764,0.9508280719822503,1.0563664990577877
54,0.6789333606257629,0.7914321485309397,-0.021280193435263346
55,0.03288622334776947,0.7276491425382756,1.697401077516212
56,0.16719735821680592,0.34256315215426336,0.042374157835834196
57,0.27495843006008214,0.49618466211055134,0.21311216997052296
58,0.10084908652145086,0.8758676199600122,1.7976892468109535
59,0.7267971975527457,0.5357546622572078,-1.214104032670143
60,0.9369190568290386,0.1621701630551351,-0.3017144921857534
61,0.5182675764316711,0.9994408315951003,-0.288699901799117
62,0.8003189866961489,0.9973604530250407,-0.24023815738299478
63,0.04918839747883086,0.024317990011900714,1.1080045870410806
64,0.9685993623902415,0.9917337554936065,0.7631394989650089
65,0.6235212088035059,0.9506238147170122,-0.4361495734952085
66,0.10438150335613505,0.41434381888285343,0.05948575981673444
67,0.7820210677251241,0.7465603465209798,0.33429045545642444
68,0.305609851977673,0.5323271988040685,0.3056167652408566
69,0.9490880678882371,0.8018861733963287,1.6018230632722026
70,0.8443349543025724,0.03201472203604738,-0.05754792533875048
71,0.6463728769933763,0.9574232737955389,-0.32598964823467863
72,0.7258617330749844,0.6717450780196303,-0.315110670046036
73,0.995188779781487,0.6721553644652185,1.0470416043014408
74,0.2539865637796901,0.5064936786586006,0.6240799808838997
75,0.8440371532309537,0.5275939435781599,-0.7604981284777235
76,0.7872986374436949,0.9717315431690127,-0.017277547793428376
77,0.33938996684978706,0.9677828304808358,0.875378416356521
78,0.8524856390009095,0.5675890238237287,-0.2432824333584753
79,0.8484022988685587,0.6908634850936757,0.2737505696443303
80,0.5907056554358149,0.3266955027784404,-1.8712473573469839
81,0.7342504468112198,0.08769009747973477,-0.9344736562269313
82,0.5522215707961171,0.4550099071742921,-1.6376496410358612
83,0.7344591665016387,0.9212685706250247,-0.027337836777403965
84,0.8685012381569442,0.08823068917665688,-0.3568691339414789
85,0.7594959491315795,0.5824150916386925,-0.6425916408266934
86,0.6352692136236151,0.9871387303316551,-0.6099149143076773
87,0.9894687795838258,0.8542334116037276,1.3048203590169656
88,0.08916675918654138,0.5187998861921111,0.6177961285100304
89,0.5787357904563742,0.673392077259562,-0.2693677450223203
90,0.17772848990831458,0.42446988872920466,0.3496806019841028
91,0.8527247266805741,0.24706780336654255,-0.9620540827391435
92,0.3712266579156692,0.7384219397279013,0.8766814443833733
93,0.6706360527017604,0.34103813603038613,-1.9393646394757673
94,0.935201102809886,0.8391846308010911,1.2224377435587246
95,0.2932220670613854,0.47782740848629535,0.08857344079543358
96,0.5222613748582988,0.8983713445679948,0.18869135634719006
97,0.13453678814383097,0.5015700583140897,0.7338782584004541
98,0.2187206940033094,0.4608339684708458,0.20867819027141155
99,0.1901941257300631,0.8491604364491957,1.9887088059674982
100,0.12142805950864866,0.6781876092748322,1.5940856582242466
101,0.5378731918078618,0.17072193958453852,-1.5570075574583169
102,0.9369893507300555,0.546851873984667,0.16158143392188135
103,0.9988803862365727,0.47916733810205536,0.006208520507383006
104,0.10714835019704261,0.9823838975313643,1.3982996099842544
105,0.8840204248021521,0.800260051855804,1.0400527835555886
106,0.7182336345185629,0.19971892888048748,-1.5556887724000015
107,0.3986309376705218,0.7840578624521485,0.9270674548158772
108,0.09515608807157583,0.39836861499113496,-0.019406761544231252
109,0.1352389111453811,0.32059681396469597,0.23609385780857337
110,0.6131114762510042,0.6684054852063406,-0.4061442152643383
111,0.7384654647682115,0.304089613182398,-1.8078677608417175
112,0.6564272027748685,0.6865069541978435,-0.27196258798019773
113,0.3254965298263587,0.32259413670329384,-0.5849820313705392
114,0.2742903495144503,0.8123100344899817,1.6018919754725511
115,0.16513789580236227,0.8933106615726208,1.932257956055514
116,0.9363181985946584,0.48407961345280925,-0.015255008191406433
117,0.8221684629332371,0.28818553792116963,-1.3127393532318916
118,0.4891953690811026,0.5912912678737451,-0.32069710660075446
119,0.18318823338234924,0.2799678191191831,-0.1032568145151257
120,0.8868372720486274,0.12935015180132647,-0.4031014933813062
121,0.19156139019503615,0.347588849068588,-0.015662591423377364
122,0.21003080142381747,0.09497923731398838,0.7839984343165171
123,0.5802548187573359,0.32846687686787457,-1.9258090768650264
124,0.7290465696659689,0.6798169095149632,-0.17498202252533349
125,0.3065670074569039,0.36037324766332046,-0.5250445757590243
126,0.054750207877671486,0.4231506179691571,0.07217053367824232
127,0.569295238492748,0.8290204889850687,0.09212192016177036
128,0.28265908214946656,0.2300634607739347,-0.1278055050812219
129,0.7957400297036401,0.6717226720990902,0.04317670963842321
130,0.18507379447153138,0.6385776554985764,1.4876856643188736
131,0.07288391292403462,0.25174899952657914,-0.11828268872280488
132,0.43918392699661635,0.5152002448271988,-0.5119032820743179
133,0.2434884219977026,0.3466984777236257,-0.20187500175883985
134,0.9099104492620267,0.3246627822727458,-0.9562293206678498
135,0.40090736637207247,0.9149768351211814,0.8151801120935899
136,0.3435108513932593,0.4947439040066869,-0.0529804945852024
137,0.19601269734382298,0.2947391179112382,-0.3074556945678327
138,0.9132631823546861,0.10312015760019622,-0.062438324021464604
139,0.5141367413802482,0.6850291074404208,0.03094516000313071
140,0.180414352461867,0.10147816548944844,0.6933363558268045
141,0.933280005192522,0.9377211368020096,0.8785007954975603
142,0.7717634034102736,0.30622290208571745,-1.6514228488585676
143,0.4991347913984676,0.11435126109082117,-0.8988797790245481
144,0.13274860202160021,0.044751697698760196,1.1026003655479573
145,0.6885970360969793,0.636144829175882,-0.6969427023018965
146,0.7265025477341215,0.39865083761497977,-1.6311123831102425
147,0.671189323326991,0.8654803662946212,-0.15315740833789107
148,0.23304179902915878,0.018483230262268835,1.1112803134436113
149,0.7463015802698301,0.09124606008872993,-1.0985271768535705
150,0.4034130560038529,0.0870989574401565,-0.023319034757387253
151,0.8191387335467599,0.5642186075780911,-0.5103654166120948
152,0.2629347924505323,0.7584649770119444,1.7306471711092912
153,0.12393389351707318,0.5315468068553946,0.8215426746623077
154,0.8475928681940761,0.3364532217505163,-1.240620859960885
155,0.5157111175223082,0.6528295995003809,0.08679527166384948
156,0.7396736382899142,0.13884646004740375,-1.1932058256880138
157,0.4391809459920214,0.7944373688463332,0.656461204390417
158,0.08271658876075672,0.25243436455203583,0.033966109683379236
159,0.26032837402574815,0.4654632847477024,0.1548756298448004
160,0.4849465339168688,0.700618440372961,0.03822703780735753
161,0.10412179236330099,0.28045160589196527,-0.1556429330353694
162,0.994394130987975,0.749381231259928,1.6474829832173161
163,0.3537084338273879,0.6888740446434839,0.8346824840815087
164,0.2450872283705181,0.8121552127879212,1.7437548738282256
165,0.3665728487415708,0.8516008872900243,1.19176176982119
166,0.05223868855638347,0.449515242011001,0.09187379894291238
167,0.16408687382025977,0.3981698347736967,0.04339652743892676
168,0.3756358664049615,0.7699842913924279,1.012370254132181
169,0.41076572365146546,0.9850372405103566,0.3751416992946914
170,0.4045141504931463,0.001103307623571359,0.47749527321943847
171,0.7578002470517712,0.9483958176729491,-0.05660320989367286
172,0.2287749804061766,0.49170279736353273,0.32063342189366834
173,0.6070672780744168,0.994748740378205,-0.45171577178092276
174,0.5537664466676714,0.21389651932750564,-1.8187058464220096
175,0.4446145675339326,0.5842569968395793,-0.22731761333167505
176,0.1280309824307425,0.04225298132704369,0.9395951887855877
177,0.2654868149566385,0.42071027713254716,-0.14024953780740212
178,0.4953643486732511,0.31569113526716763,-1.5298005757893722
179,0.4651831376318878,0.0076790082152764505,0.04751430103496329
180,0.406312457269557,0.44314179500212625,-0.7679951131414514
181,0.2674895675496194,0.00789128009264306,1.1219896364317146
182,0.1414581077616467,0.40775203170440955,0.09973725042179049
183,0.8815874394309869,0.926580493387224,0.7820512759427729
184,0.14653489646555007,0.25161447772613155,0.11297038326488251
185,0.314843405910071,0.8870893051173632,1.3078861554167032
186,0.8457836437122951,0.5315412891383537,-0.6757824475569432
187,0.10470073086491027,0.9810662345126159,1.5643721123417433
188,0.8847064451154668,0.8537398847753633,0.9760592165657357
189,0.5584411520080012,0.18607859431088936,-1.5952025132500707
190,0.48835609613689357,0.386954420549227,-1.5831160582701305
191,0.3721809924856301,0.7944103535057838,0.9500818278687437
192,0.35821593702453125,0.5676360836795182,0.21063921460716306
193,0.5843017712502915,0.4457094145814724,-1.6088194334817882
194,0.27836369382490744,0.6950636083174349,1.2461785566256172
195,0.1521041647013962,0.3630286047220098,0.03011644427144409
196,0.148316905428033,0.4520150351443859,0.3001021120374931
197,0.6468466875257445,0.4752123890650062,-1.4598341440950717
198,0.5098095408950155,0.4777798889206223,-1.1743596080037106
199,0.053156967927060816,0.5125906498158295,0.4396420161946064
200,0.8327593867360937,0.325289714363003,-1.4162508443788966
201,0.9528034233498441,0.42888611696897494,-0.48218138328064863
202,0.2555680233611919,0.824407041370403,1.5914359361870158
203,0.6694957068015192,0.11335082321628964,-1.220027044519449
204,0.04296818740794828,0.05948654100349948,0.701392442555569
205,0.5609635595504231,0.41242750171580234,-1.7034052125072567
206,0.3132408831303821,0.947509522292247,1.1079500758150116
207,0.49303454722708884,0.36944044157792366,-1.539515559091149
208,0.6720982116891213,0.253072723238175,-1.931797580279355
209,0.054561606507511184,0.670497284884344,1.406321139109443
210,0.8298772751501098,0.4322118057912059,-1.0561467761627679
211,0.7107917019971336,0.004177992750884707,-0.37085473050114093
212,0.6338968949003099,0.7520540307525662,0.005185047426548198
213,0.7779753054143599,0.8639528754336374,0.26252465912478645
214,0.9547195704526111,0.9416940064819369,0.8401510715154515
215,0.8514987172866605,0.8446803700367375,0.7760346944287998
216,0.01786963499591998,0.3099880290726552,-0.4249385483497214
217,0.4350069133722063,0.6371635154069949,0.3278440787901294
218,0.17279038290677606,0.09527605151912633,0.7263031754097705
219,0.7019150071291641,0.3894795784063838,-1.8207090496806253
220,0.061075246090829705,0.9510599469897264,1.6243778370129853
221,0.46399022769491216,0.7955696161109744,0.5830375899470952
222,0.13858229056691362,0.7519339876582707,2.0358624937397005
223,0.19882864016134028,0.13218290413806766,0.47791189050081206
224,0.5788501534887256,0.2717048877852166,-1.783708655697442
225,0.1244257279919807,0.6081535266146525,1.006878031096964
226,0.9365910513741815,0.8603897571834364,1.3229441894431637
227,0.4083656298823025,0.3721156908466774,-1.02169554036158
228,0.44265604180982765,0.10925350330847494,-0.4908622057378442
229,0.05739655437672564,0.4469631013113028,0.24885398835667605
230,0.5124613252191074,0.4722026478078304,-1.2695639441514348
231,0.9389882920765853,0.4655378490875981,-0.2580652351215691
232,0.7984318292380995,0.7489270522840904,0.16994240058956173
233,0.7177389721110166,0.5489904385158008,-1.0572186328989557
234,0.47594768166333745,0.015892921782938663,-0.22502807797514088
235,0.8494754486771727,0.34611795748564544,-1.3266791927149368
236,0.0268731748899238,0.0964810947092587,0.5420356659977494
237,0.048043971756090764,0.3512218519818239,-0.0916767594179188
238,0.23557137789078297,0.586909078587056,1.1036621104369022
239,0.7957462373119559,0.7397359928222791,0.45168024017019437
240,0.7542985746068191,0.10036022640221909,-0.8768236402133154
241,0.11646505553740649,0.7618165836281813,1.855211662413177
242,0.03590810292737212,0.6258504868125742,1.2540861610235146
243,0.7393464497790447,0.2916052582913481,-1.969668378114528
244,0.24581736128937992,0.05892486987126633,0.8448041853415054
245,0.21502824964962286,0.908019908092591,1.7022090489764934
246,0.47977371437356353,0.7963409662154474,0.40770663887448677
247,0.585392632192948,0.5020610837576918,-1.4193584657101657
248,0.33590543122742256,0.10129008859325617,0.174411276462799
249,0.26327815506599506,0.1468778684050157,0.06443511907083349
250,0.8051632709612816,0.593827709700454,-0.4197331240674694
251,0.5222439829870406,0.26500090129130005,-1.7570426748748271
252,0.41908118076799994,0.9159192484803858,0.5988513505994503
253,0.46774251153449975,0.049059228076790085,-0.33977886244252514
254,0.8567301486942928,0.4994544580786201,-0.5066971181947362
255,0.4187712781143289,0.925358928601111,0.7323805179963442
256,0.256833568150857,0.4667606187291089,0.33831214721288083
257,0.48517353560008125,0.24018892982540763,-1.6223428737348164
258,0.06926794316705476,0.9764020818580925,1.4534200206161791
259,0.6027249484651217,0.10340941913947455,-1.1531573547868472
260,0.32391105968003187,0.6572601996453791,0.9174778566309885
261,0.6019066817120468,0.6792234359568424,-0.559397992075783
262,0.4692622065964732,0.56665424105325,-0.4016347664658581
263,0.6687983655892641,0.22200957802279697,-1.9029262639296007
264,0.8577062023595496,0.5009327485739876,-0.6715365415423685
265,0.1427264961645609,0.1903827851523313,0.3921982271300103
266,0.8671165894238279,0.20871952184876263,-1.011602185143234
267,0.7895570134546412,0.2365758982179269,-1.5603828405621263
268,0.3613099635940963,0.1319066098155457,-0.09118228725568102
269,0.6088946278579263,0.19403464697462802,-1.8265546029569877
270,0.30085236008577976,0.6937717384901932,1.1891820686841328
271,0.8419957620498285,0.540579034263359,-0.5014869313728999
272,0.889959654881494,0.006907523903160739,0.3953088843561957
273,0.053549896243417106,0.7139237957884429,1.8591729060480056
274,0.13857838660413468,0.9843068744018225,1.5832022782819068
275,0.24012406575123701,0.2644535660129439,-0.243472324327152
276,0.4831472125856543,0.363121645234206,-1.3545574445864719
277,0.7981422028455853,0.9722109412113896,-0.04141521554405906
278,0.40835213808591875,0.3576466046894764,-0.9395935556667021
279,0.9012391817249579,0.6295315613683078,0.5372555910053415
280,0.8541875477206601,0.41409565522467284,-1.1833383352739526
281,0.13669567172812813,0.00490398460296082,1.416675138580212
282,0.09288605535320638,0.5164053173663574,0.6477687125422612
283,0.10857784700930762,0.014432500879640986,1.3394588744478364
284,0.4139490188185224,0.9277738552294497,0.7747382882451105
285,0.27755632621653814,0.8331147577125696,1.6279609635442864
286,0.524490746539823,0.8235852571272626,0.27167038958275447
287,0.8579373704267959,0.9911070185398757,0.34987179606809915
288,0.21523222505116135,0.188320825948885,0.11629154188196271
289,0.9294382282930335,0.10388497623211645,0.00947009417969865
290,0.2646013556903082,0.1644009296382254,0.18320254040991688
291,0.3536587752082798,0.400250099833666,-0.5439688192075381
292,0.41936763752963124,0.9667529631478046,0.5329426885757491
293,0.08767497749301245,0.5697868402557739,0.9513014535698048
294,0.5554889984460055,0.1673923774857482,-1.5599275969516766
295,0.9656190112421714,0.39621851186150203,-0.36917009595385664
296,0.6396712480182289,0.8529020753797274,-0.12646725115144397
297,0.7653086312468796,0.28627904413128047,-1.8226085319808951
298,0.9395136610712572,0.6369999010262815,0.6844515158699864
299,0.3936399737780959,0.5239833452866812,-0.30518725879843484
300,0.37178899020079137,0.8292912690288342,1.1065685943098025
301,0.11488604306350647,0.9101078028173527,1.8852180329258574
302,0.34507626061246166,0.3039811430960405,-0.8454761992189879
303,0.9590393462504974,0.36715050066357113,-0.48818193113484076
304,0.8634198424496988,0.20387799394875172,-0.8759730705052817
305,0.9344654197098407,0.25320658159055975,-0.7168782462516854
306,0.681814451085948,0.49727679254327173,-1.3264422147448667
307,0.8982510244323005,0.10978198687808272,-0.10549267451983804
308,0.7206751239716299,0.799193916037646,0.05595176040187747
309,0.4128252290393485,0.19744543731509057,-0.8103852921956025
310,0.8496169898663428,0.03296395878318592,0.053449035676243734
311,0.9494055292268617,0.09929773699020994,0.12001852362259174
312,0.5379367012300945,0.8718654127794153,0.3031085530934906
313,0.07438743629369682,0.5313087479600317,0.6997689870580575
314,0.2513535142109513,0.24462559564420416,-0.1951325573290047
315,0.5800818484109957,0.39440282026762574,-1.7452281403138419
316,0.49969950185651124,0.6953920291352262,-0.02438223616671878
317,0.9002755151212999,0.7503575272088387,0.9079736166085078
318,0.5074160520488837,0.7510862654898781,0.32788487440783043
319,0.24745758431646725,0.10577229477526284,0.6940997033954126
320,0.18245361703234564,0.40803013537200494,-0.03225943535195805
321,0.9514801375475767,0.26713417742459045,-0.5299027111379745
322,0.07122680906601331,0.22204353640250385,0.028114636634202557
323,0.3611801392558286,0.7170469570001607,1.2267815360761656
324,0.16518760600942184,0.5325248217201974,0.8908224330532261
325,0.7716498244759011,0.1694176194371836,-1.2906719377449765
326,0.25261064803993016,0.6796389073621109,1.4519139353087618
327,0.034264587530583146,0.6196675864078767,1.0203799131906097
328,0.0925172307337373,0.8172292885287687,2.1286161321568042
329,0.7108672175167078,0.7451307392659979,-0.13603444228326914
330,0.5279798959580834,0.9405428377922204,0.06493126028370433
331,0.2762088311064478,0.3038389356864959,-0.3293978010827419
332,0.2930681309643425,0.3577345872544445,-0.33362002654836903
333,0.9158979440229486,0.6599005774467704,0.9382496068381563
334,0.32882796247102775,0.3126737632418063,-0.5797120822938663
335,0.3326194705582498,0.6950089628461353,0.9653699326151143
336,0.297039352504215,0.5523210096877558,0.6183834779685438
337,0.24118662253237222,0.006451103372019484,1.1728005781738884
338,0.3470100648226877,0.9371303707815236,1.1250014324157758
339,0.8493545079369363,0.4347526951593992,-0.9380412869367849
340,0.6366645326908011,0.7952903398093863,0.007562793723496428
341,0.9061571098450767,0.7021601193253473,0.7805043000569543
342,0.44565446311165036,0.41797048677846427,-1.0492380472095324
343,0.5029031061029908,0.5088702051407047,-0.9782441560387777
344,0.5282574877918971,0.7236384712689836,0.24176439453963608
345,0.28119263475148026,0.7803961809011934,1.7352347819853338
346,0.026811958613402354,0.7782844439378823,1.7923086774998407
347,0.7792574359421244,0.9787771280006902,-0.127139800190257
348,0.06435559053933959,0.0014780855918955504,1.280959073711289
349,0.48118979101199544,0.910080559237104,0.18952808588608963
350,0.16613696062353345,0.2670312906668616,-0.008898140369741285
351,0.41046100650219075,0.8778885228735323,0.6675961464922933
352,0.24544200052326115,0.9916902896528522,1.3190172833938916
353,0.45189343550942973,0.7878004322003517,0.5093300462569399
354,0.4506151756551894,0.398397884724906,-1.050734769696226
355,0.29685672192500445,0.0748279941743537,0.4755377551589399
356,0.030990104562229726,0.5948112019903198,0.9736304837547176
357,0.6690312335392573,0.5303743536371591,-1.096243715788061
358,0.5209520559742958,0.2588573306796639,-1.699515400250507
359,0.6286904052654931,0.5086122417591958,-1.3826413096399135
360,0.8739666792474056,0.427920444717214,-0.9003541985243791
361,0.09988183299791775,0.03588317913658212,1.247815783586028
362,0.9320701790613498,0.40325005156836147,-0.5544679729504436
363,0.7965403781363148,0.4497767758335871,-1.2647280338128029
364,0.42685321760078576,0.9167614712351996,0.7015257762137502
365,0.25880109880272895,0.7677914060973334,1.7965443917717827
366,0.6491567283157073,0.1740528610982054,-1.6734358496396804
367,0.7968569767421038,0.12372639430508925,-0.849182898097609
368,0.48714006006594257,0.08710008154507065,-0.7882893828214166
369,0.4324809598298145,0.29399252039263024,-1.4120560726880844
370,0.27740330908591404,0.6133375172613814,0.9485690581806319
371,0.986269404162735,0.4684209983238359,0.14616936387080054
372,0.317665076274979,0.06588512278385639,0.38614502670290285
373,0.832957034766328,0.8093662151135712,0.6546964119263184
374,0.6514506040214981,0.5626585785589587,-1.0582060246938185
375,0.40607896687381495,0.9335013396830242,0.5723174037763263
376,0.5477454984062956,0.025539014429688645,-0.6264852642901526
377,0.8383021137218727,0.36523249737382646,-1.2953395020041805
378,0.3374941753235928,0.9983286556272947,0.754633114214245
379,0.18212623260547178,0.4596244545030268,0.47486122958295496
380,0.567878208396527,0.009946465801065063,-0.47759719763935815
381,0.4159262845379481,0.4070372040376352,-0.9461346113025977
382,0.8442079415303942,0.5361121319254538,-0.4413909885920181
383,0.867897107260288,0.09057219723894794,-0.38299311572242023
384,0.08985030968619068,0.07554757349517638,0.9564238274233408
385,0.6703290057544032,0.8443747693013228,0.059652289611520096
386,0.38346975298978847,0.9600785936672835,0.6406734234840569
387,0.7051491267232189,0.5857414264281398,-0.7886026948002974
388,0.47865163315110104,0.5074308825273494,-0.918830364941084
389,0.03166318040744254,0.12018209790334833,0.3678061866993521
390,0.3451725437681197,0.7336493767744763,1.0696170625827517
391,0.21142876901121288,0.9627528069749954,1.4665200582150875
392,0.7242182613941549,0.31658554811325346,-1.7992052973180088
393,0.7672539645520992,0.29219431197809487,-1.9012304475081094
394,0.6624166328150982,0.9665178096187971,-0.37164802284081966
395,0.9567963648429343,7.837123125886691e-05,0.6901273254760749
396,0.22856694628965846,0.8237257969785873,1.7308510068547314
397,0.7127757224643932,0.440370524232522,-1.7058728633457187
398,0.6590513438223713,0.27147817286815734,-2.04294198889922
399,0.5050171176877363,0.9120548163324576,0.1820299849757009
400,0.6307894002031084,0.005655400740111949,-0.49263159183301897
401,0.3106550067120979,0.1151245181443179,0.12608933772693437
402,0.2662828383564966,0.3275276200086742,-0.2371464808798532
403,0.9845917343111089,0.8550635331357245,1.504510911954742
404,0.9558642697765376,0.24704066286934945,-0.5468954677489986
405,0.39981255419069694,0.9632571344356242,0.6387102190439876
406,0.15778054546773423,0.39970981629444513,0.12065243431780044
407,0.9768204297750079,0.9943961585424682,0.8579700364889511
408,0.4486698784623909,0.6939661985544819,0.45357808293132695
409,0.28221812635785637,0.9481296672288593,1.3064668900717802
410,0.38309053311951213,0.5459859044287784,-0.05158624491171042
411,0.7218717796773757,0.9339275289095185,-0.20333269962147077
412,0.3563036326125809,0.4880387776570124,-0.2591781308653681
413,0.8580675407303094,0.8804514466730843,0.7669705690252738
414,0.35722814400957426,0.3940546669020035,-0.6242799638195257
415,0.7610270700564524,0.41580784399088755,-1.3970102305053023
416,0.6769635506818258,0.06736747938431298,-0.9424499521843669
417,0.19933696472783247,0.5020498915968477,0.4758288675467859
418,0.3465676980434328,0.5421226988144123,0.061933734511984084
419,0.5076042619050819,0.24033540483358862,-1.4432183054587941
420,0.28400598219232487,0.9070101604120758,1.4286958246699857
421,0.20956596388291138,0.2347864657027583,0.14094770519690375
422,0.4530819151898624,0.1209507838930135,-0.7816858751222089
423,0.9601595477623702,0.8174036140397483,1.3553462675376167
424,0.9098739946137397,0.09098790113770083,-0.054984427708606745
425,0.9943282979397242,0.425055543194895,-0.20978087204654747
426,0.07492567898218261,0.7641097513499293,1.981789236637155
427,0.6886075741887988,0.9649868847815739,-0.4848436437972841
428,0.8953448534071283,0.04001077902913153,0.19471033563788256
429,0.8196803860585161,0.861733849419704,0.5384319431535831
430,0.9953849991251269,0.6185095587947084,0.8042327704375788
431,0.3745827409444421,0.019807501832412977,0.36672976571736043
432,0.23005014822880665,0.3943815627958345,0.1383201423448668
433,0.42512268624479777,0.25233780920690385,-1.1285913850953475
434,0.6446148534488981,0.09689955479377366,-1.1673708812527068
435,0.7483881383615166,0.3258145952454665,-1.8829906319202325
436,0.3722203790176486,0.45949986965779965,-0.44863518900677046
437,0.22808900753965866,0.20779783081451464,0.2163618412016533
438,0.5489569101122251,0.8829970791658134,0.23261902327689873
439,0.3547990572809535,0.47308452649293153,-0.44999962771123525
440,0.30343449532183975,0.9570062521827151,1.4043619072186657
441,0.10133624970081201,0.55295878410546,0.9700357234150786
442,0.6470150882404674,0.9249577549810342,-0.2609961359413201
443,0.255228380116883,0.6680094135460605,1.418426277713527
444,0.011323457426502648,0.7226103380866289,1.4788102363078608
445,0.7979206332788511,0.2410231629415549,-1.289219040239653
446,0.014709373448924423,0.9780769158545842,1.1769710295255544
447,0.6824663948036072,0.27200374620807655,-1.9952530173211818
448,0.7360755986445113,0.9337018338562673,-0.05908346227474498
449,0.7190760963240802,0.5979131675290745,-0.8000724871854947
450,0.24855574835569016,0.6572160115966975,1.3510129650948084
451,0.2973953779327405,0.2999018975778951,-0.32287123705687293
452,0.2417446207169731,0.0981021873326452,0.6733704306150743
453,0.9242222866684866,0.9932277301042183,0.6113813353127422
454,0.4998381935475892,0.27903525676438035,-1.5663244466062483
455,0.7933242642497427,0.6775234409161293,0.04752833607030082
456,0.051935642642099156,0.1300012461698401,0.2425695063646122
457,0.2999639596887873,0.4119468280037495,-0.17773479101102424
458,0.13284374682917044,0.0015480959206513045,1.3783540079750445
459,0.530480064971678,0.4626201303484223,-1.392131963180013
460,0.1923149669930999,0.21251196213602264,0.22654170044874372
461,0.05845500495732869,0.9797961740257728,1.3662431813165192
462,0.7942428279980395,0.1729907398734819,-1.12363599563037
463,0.9729647821058771,0.422040834644555,-0.15773414363277258
464,0.48211028956805413,0.2255119836107129,-1.254662359546418
465,0.011557928843009324,0.9321102497946075,1.4263255091754004
466,0.003980719303150471,0.007417818773631346,1.1515082230600162
467,0.7730517473734352,0.47539256537168617,-1.4199998732350285
468,0.37053493988096253,0.3840413890369275,-0.6219802754796908
469,0.18205208083933377,0.09508699090510286,0.8015306963386694
470,0.40839926947078264,0.6147935891676792,0.323894085450311
471,0.9264555074756889,0.5965011208834521,0.28368013309175044
472,0.318265627518016,0.42696096902752356,-0.40351492345160367
473,0.4279661203165138,0.8087793287783912,0.892160061482301
474,0.21595381495328725,0.43455384597857205,0.047149222356927575
475,0.5959816624076222,0.37033950892976886,-2.0220009303329873
476,0.6232796694358367,0.3816187990576172,-1.9830728256309453
477,0.14848550132620286,0.4863317088193666,0.38247877408489217
478,0.5146470902710834,0.3615180879091864,-1.5128788829719197
479,0.3527226717917046,0.3343298467139938,-0.8242544379010374
480,0.5538200255365604,0.8177979661688893,0.09500135039917147
481,0.36375167908760664,0.024669167049461316,0.44185908274033914
482,0.3946138583557398,0.73190171983781,0.8847912150770267
483,0.42656077754460664,0.5877145511874441,-0.035977432568268033
484,0.3156451449732758,0.7590260911079482,1.411855813496157
485,0.4180808312753803,0.9997548345457058,0.16919161204452657
486,0.46257683195928634,0.5187144693219878,-0.6405932775482338
487,0.27059320957691246,0.6724559996552367,1.619473718342918
488,0.42163141153855266,0.41230641018252046,-0.9596912713127208
489,0.6952288470046627,0.36246730130869886,-2.030923784809563
490,0.949346427609943,0.08602296032933299,0.25490841740390585
491,0.38594660143646375,0.9379109293347501,0.6517823904597082
492,0.2546944867724855,0.853468998948254,1.5723117386717202
493,0.5220721800473993,0.9550150807298157,-0.10284325451692769
494,0.42872664232633584,0.870752963009988,0.8343031872636248
495,0.9298963331988059,0.9079287455847247,1.0767152889688503
496,0.017260201066786385,0.42045611481355993,-0.17080243345372959
497,0.9682477115619119,0.48962262982292515,0.01625537161762905
498,0.40503867174810027,0.9836695659371186,0.19483457087958314
499,0.914979943104075,0.19558110023314956,-0.5488148626036664
